10 , 	0.9	
20 , 	0.9	
30 , 	0.9	
40 , 	2.8	
50 , 	3.1	
60 , 	2.8	
70 , 	2.8	
80 , 	3.1	
90 , 	3.1	
100 , 	2.8	
110 , 	2.8	
120 , 	3.0	
130 , 	3.5	
140 , 	4.0	
150 , 	2.9	
160 , 	4.2	
170 , 	3.1	
180 , 	3.8	
190 , 	5.8	
200 , 	6.0	
210 , 	6.6	
220 , 	7.1	
230 , 	8.3	
240 , 	9.2	
250 , 	5.7	
260 , 	6.0	
270 , 	5.0	
280 , 	6.1	
290 , 	6.2	
300 , 	6.7	
310 , 	7.9	
320 , 	7.5	
330 , 	7.9	
340 , 	7.4	
350 , 	7.7	
360 , 	7.6	
370 , 	8.3	
380 , 	9.2	
390 , 	9.5	
400 , 	9.6	
410 , 	8.7	
420 , 	9.1	
430 , 	9.0	
440 , 	9.8	
450 , 	9.5	
460 , 	9.3	
470 , 	9.3	
480 , 	9.6	
490 , 	9.7	
500 , 	9.3	
510 , 	10.4	
520 , 	9.9	
530 , 	9.7	
540 , 	10.2	
550 , 	9.8	
560 , 	9.9	
570 , 	9.6	
580 , 	9.6	
590 , 	9.9	
600 , 	10.0	
610 , 	10.9	
620 , 	10.5	
630 , 	9.9	
640 , 	9.8	
650 , 	9.9	
660 , 	9.2	
670 , 	10.7	
680 , 	10.1	
690 , 	9.8	
700 , 	9.6	
710 , 	9.5	
720 , 	9.6	
730 , 	10.4	
740 , 	10.9	
750 , 	9.3	
760 , 	9.3	
770 , 	9.5	
780 , 	9.6	
790 , 	10.3	
800 , 	10.8	
810 , 	9.6	
820 , 	9.5	
830 , 	10.0	
840 , 	10.3	
850 , 	10.2	
860 , 	9.6	
870 , 	10.1	
880 , 	9.7	
890 , 	9.7	
900 , 	9.6	
910 , 	9.9	
920 , 	9.7	
930 , 	9.8	
940 , 	9.7	
950 , 	9.7	
960 , 	9.7	
970 , 	9.7	
980 , 	9.7	
990 , 	9.5	
1000 , 	9.8	
