1 , 	11.4	
2 , 	18.0	
3 , 	11.8	
4 , 	20.7	
5 , 	24.4	
6 , 	48.1	
7 , 	47.3	
8 , 	64.8	
9 , 	56.1	
10 , 	54.3	
11 , 	73.7	
12 , 	68.6	
13 , 	69.2	
14 , 	92.2	
15 , 	89.6	
16 , 	87.7	
17 , 	88.5	
18 , 	90.2	
19 , 	112.8	
20 , 	95.5	
21 , 	90.6	
22 , 	93.7	
23 , 	95.7	
24 , 	95.6	
25 , 	98.0	
26 , 	104.1	
27 , 	99.3	
28 , 	102.9	
29 , 	99.2	
30 , 	104.2	
31 , 	102.5	
32 , 	101.3	
33 , 	108.0	
34 , 	100.7	
35 , 	102.6	
36 , 	101.9	
37 , 	103.8	
38 , 	104.2	
39 , 	109.6	
40 , 	104.9	
41 , 	109.5	
42 , 	103.9	
43 , 	97.8	
44 , 	100.5	
45 , 	92.0	
46 , 	95.2	
47 , 	104.3	
48 , 	92.1	
49 , 	92.6	
50 , 	98.5	
51 , 	99.6	
52 , 	97.0	
53 , 	100.2	
54 , 	97.8	
55 , 	94.9	
56 , 	96.2	
57 , 	98.5	
58 , 	97.1	
59 , 	104.8	
60 , 	96.7	
61 , 	100.1	
62 , 	102.4	
63 , 	99.5	
64 , 	101.3	
65 , 	93.2	
66 , 	93.2	
67 , 	93.7	
68 , 	92.7	
69 , 	92.7	
70 , 	97.9	
71 , 	101.7	
72 , 	97.0	
73 , 	101.3	
74 , 	96.1	
75 , 	94.9	
76 , 	104.2	
77 , 	98.1	
78 , 	98.3	
79 , 	97.2	
80 , 	106.1	
81 , 	107.3	
82 , 	96.5	
83 , 	98.6	
84 , 	99.1	
85 , 	104.5	
86 , 	100.3	
87 , 	109.8	
88 , 	103.1	
89 , 	102.0	
90 , 	108.9	
91 , 	105.6	
92 , 	100.4	
93 , 	97.9	
94 , 	102.3	
95 , 	96.2	
96 , 	99.5	
97 , 	97.6	
98 , 	99.1	
99 , 	94.9	
100 , 	92.3	
